1 1.07405 1.14644 1.97346 1.86269 1.69397 1.4777 1.37618 1.39902 1.57044 1.38154 1 1.30777 1.32742 1.3696 1.84959 1.51124 1.22023 1.03177 1.44624 1.09943 1.02622
1 1.11187 1.80734 1.77174 1.60821 1.20228 1.40446 1.22949 1.82625 1.47866 1.45232 1 1.25767 1.38948 1.95632 1.65323 1.27771 1.74316 1.57971 1.69459 1.22993 1.291
1 1.62394 1.70247 1.49498 1.04606 1.5222 1.35493 1.96931 1.97182 1.30723 1.28518 1 1.55232 1.04105 1.91358 1.95089 1.36066 1.30596 1.1542 1.90281 1.44363 1.00045
1 1.67108 1.79948 1.39261 1.56929 1.8134 1.22441 1.1316 1.00321 1.88554 1.62281 1 1.05638 1.3614 1.82334 1.61722 1.43753 1.40221 1.12527 1.02947 1.5157 1.64547
1 1.36589 1.5308 1.10531 1.30627 1.91616 1.68236 1.60903 1.75852 1.54182 1.06517 1 1.46855 1.57098 1.31948 1.49284 1.80307 1.39357 1.14799 1.47181 1.92489 1.82692
1 1.18318 1.46016 1.35607 1.8412 1.94639 1.33915 1.28405 1.49616 1.42213 1.55113 1 1.48377 1.68488 1.8777 1.97601 1.52061 1.44076 1.91334 1.40889 1.04446 1.75491
1 1.02672 1.15272 1.78077 1.09853 1.81343 1.4754 1.26359 1.24645 1.11917 1.88245 1 1.8124 1.97112 1.80035 1.49035 1.69615 1.77281 1.25743 1.33694 1.14916 1.51482
1 1.49045 1.99811 1.63796 1.58866 1.54954 1.07985 1.95087 1.47973 1.67138 1.41643 1 1.37032 1.70196 1.61136 1.65517 1.84784 1.20957 1.54247 1.66328 1.84817 1.6196
1 1.59593 1.55731 1.78927 1.25451 1.0698 1.01668 1.82079 1.36782 1.79867 1.101 1 1.54656 1.01155 1.07242 1.5988 1.84571 1.74812 1.64902 1.87314 1.15296 1.39799
1 1.95614 1.49218 1.80787 1.1317 1.06232 1.43553 1.45267 1.09451 1.1522 1.70346 1 1.17026 1.53553 1.42159 1.94757 1.39188 1.58536 1.14919 1.08676 1.82497 1.43054
1 1.35839 1.41259 1.06697 1.54425 1.97774 1.15811 1.58341 1.15353 1.60302 1.24986 1 1.625 1.83657 1.34447 1.36801 1.15351 1.32445 1.84894 1.33464 1.86319 1.63473
1 1.17946 1.2574 1.46304 1.63181 1.57057 1.58142 1.34521 1.01459 1.25305 1.77337 1 1.88217 1.80687 1.75174 1.87819 1.63943 1.37505 1.29351 1.93375 1.65436 1.47979
1 1.99251 1.1642 1.72101 1.95431 1.81731 1.3023 1.02779 1.95059 1.16332 1.33641 1 1.28035 1.08093 1.21875 1.45488 1.28717 1.02694 1.55214 1.91859 1.02201 1.55936
1 1.0307 1.87166 1.67488 1.33717 1.60207 1.27282 1.46038 1.47493 1.13843 1.33714 1 1.39849 1.23891 1.29213 1.49647 1.92834 1.48333 1.87313 1.68675 1.99794 1.50974
1 1.72311 1.63129 1.20027 1.92534 1.73556 1.98645 1.38507 1.0399 1.98721 1.10438 1 1.76255 1.96599 1.35595 1.46062 1.15564 1.97008 1.64698 1.38354 1.14765 1.82651
1 1.04442 1.96396 1.41662 1.0947 1.79884 1.01728 1.10888 1.02443 1.27034 1.93081 1 1.66902 1.03767 1.63196 1.61791 1.96384 1.0004 1.39718 1.00898 1.08256 1.5601
1 1.28224 1.94379 1.21947 1.58231 1.89983 1.6274 1.05088 1.96434 1.27921 1.21218 1 1.20461 1.91641 1.89253 1.60414 1.00126 1.1057 1.02953 1.71994 1.79769 1.01328
1 1.0579 1.955 1.02446 1.74285 1.27323 1.32453 1.73065 1.05496 1.94321 1.2205 1 1.35752 1.72623 1.74403 1.78588 1.70753 1.43994 1.35686 1.48093 1.34407 1.47559
1 1.65786 1.89793 1.11342 1.2962 1.08129 1.10083 1.27054 1.08111 1.18234 1.87238 1 1.35948 1.20078 1.45722 1.55527 1.63019 1.3123 1.69854 1.00372 1.72861 1.03644
1 1.901 1.42193 1.2694 1.75855 1.02857 1.90389 1.01667 1.11772 1.87535 1.55134 1 1.69029 1.8402 1.0361 1.76898 1.77308 1.97133 1.29945 1.57211 1.34105 1.24483
1 1.48195 1.99806 1.50751 1.59956 1.53104 1.98117 1.32511 1.93633 1.18501 1.76929 1 1.53581 1.39666 1.56851 1.40429 1.89261 1.58527 1.80487 1.08066 1.86083 1.95469
1 1.71814 1.7755 1.36809 1.99056 1.90999 1.59731 1.93081 1.29685 1.42389 1.91007 1 1.7108 1.3927 1.43902 1.51072 1.5112 1.73393 1.77428 1.37989 1.40722 1.26963
1 1.67036 1.75277 1.08576 1.1664 1.04204 1.70916 1.91269 1.98761 1.29843 1.94354 1 1.53835 1.47256 1.60048 1.52354 1.749 1.66353 1.21114 1.99952 1.56856 1.04721
1 1.36955 1.14127 1.98376 1.29387 1.44167 1.36914 1.0516 1.29401 1.12585 1.72595 1 1.74897 1.58366 1.95138 1.9928 1.92638 1.72298 1.37716 1.09747 1.90155 1.9617
1 1.9873 1.24921 1.02329 1.52072 1.77977 1.97781 1.07036 1.67355 1.60226 1.86495 1 1.4201 1.35239 1.26943 1.42965 1.09175 1.11101 1.31137 1.80422 1.93526 1.04118
1 1.35795 1.58542 1.62885 1.69061 1.24192 1.36451 1.84023 1.24484 1.33744 1.97945 1 1.17142 1.02847 1.65884 1.99601 1.49666 1.21858 1.89757 1.08423 1.8472 1.56857
1 1.27889 1.43492 1.01553 1.89842 1.56213 1.38684 1.54099 1.55887 1.41282 1.1629 1 1.7703 1.99509 1.07647 1.7866 1.1975 1.62257 1.41646 1.87718 1.41402 1.48938
1 1.29522 1.11427 1.14546 1.32921 1.53744 1.34469 1.75543 1.38251 1.9203 1.62436 1 1.88195 1.95756 1.07129 1.51591 1.99413 1.95928 1.83588 1.98254 1.34743 1.81568
1 1.72553 1.76103 1.52678 1.32005 1.30419 1.68492 1.57855 1.37924 1.93827 1.79745 1 1.5491 1.55165 1.37033 1.50269 1.03682 1.81232 1.32144 1.60985 1.4569 1.52623
1 1.52371 1.89241 1.54208 1.4738 1.3333 1.98148 1.11977 1.67801 1.50683 1.62661 1 1.27772 1.10195 1.2971 1.91164 1.21756 1.02216 1.1374 1.68483 1.90377 1.83684
1 1.89871 1.14602 1.80518 1.29601 1.60251 1.08402 1.33011 1.91556 1.10652 1.0583 1 1.48831 1.23792 1.55108 1.26442 1.89094 1.68254 1.61771 1.4946 1.36028 1.07183
1 1.55453 1.38122 1.60383 1.643 1.97266 1.23046 1.90035 1.96651 1.25495 1.17438 1 1.92851 1.8601 1.36989 1.17386 1.11894 1.83079 1.67542 1.27599 1.57915 1.74556
1 1.18094 1.16948 1.21673 1.79716 1.88525 1.82197 1.22836 1.9397 1.895 1.90619 1 1.34869 1.73826 1.84569 1.40033 1.36904 1.80781 1.27243 1.00372 1.62818 1.33746
1 1.98768 1.99962 1.62286 1.82587 1.19513 1.0302 1.30955 1.19166 1.02215 1.27863 1 1.95416 1.49731 1.62079 1.53836 1.16238 1.84185 1.18621 1.66443 1.71349 1.6204
1 1.08449 1.17228 1.28904 1.63871 1.66835 1.2062 1.77093 1.48338 1.40388 1.9375 1 1.69527 1.57992 1.39914 1.24496 1.16669 1.18767 1.33033 1.54828 1.02206 1.71798
1 1.28015 1.54841 1.66711 1.83742 1.90963 1.51307 1.96919 1.3737 1.38488 1.01025 1 1.88945 1.01618 1.29966 1.37585 1.9725 1.09494 1.12182 1.59603 1.49691 1.94962
1 1.38678 1.58893 1.7602 1.67438 1.62695 1.25803 1.68269 1.15891 1.26673 1.49037 1 1.18041 1.47213 1.38112 1.58025 1.8104 1.44882 1.23553 1.30835 1.4405 1.27195
1 1.66758 1.92799 1.30628 1.27677 1.72509 1.64844 1.35629 1.94993 1.05698 1.68834 1 1.62939 1.04239 1.70113 1.20896 1.95333 1.60048 1.93285 1.89729 1.55774 1.97181
1 1.53247 1.64037 1.57596 1.81044 1.86703 1.93177 1.5961 1.87979 1.15525 1.27105 1 1.98956 1.46315 1.94687 1.80133 1.39991 1.86357 1.78254 1.91616 1.17562 1.47241
1 1.23096 1.48753 1.11256 1.29895 1.60525 1.0803 1.81806 1.6597 1.41934 1.07889 1 1.13029 1.62999 1.77283 1.6388 1.85225 1.85146 1.45177 1.97169 1.56359 1.79763
1 1.63228 1.25344 1.94946 1.45684 1.99152 1.1733 1.6044 1.55147 1.4793 1.54444 1 1.33066 1.67325 1.21955 1.73633 1.06452 1.69778 1.1108 1.34238 1.60965 1.90889
1 1.53872 1.13161 1.64282 1.32129 1.86561 1.36632 1.38745 1.96643 1.41512 1.98894 1 1.86512 1.08703 1.71611 1.43881 1.30253 1.64397 1.88868 1.92843 1.63901 1.99069
1 1.71435 1.44966 1.43033 1.00738 1.76983 1.1202 1.94984 1.46792 1.18467 1.64902 1 1.77758 1.14358 1.66422 1.57981 1.49047 1.6547 1.81359 1.91863 1.79299 1.22132
1 1.77763 1.78909 1.54646 1.90972 1.53527 1.14842 1.34154 1.83803 1.20041 1.47839 1 1.8273 1.90848 1.70625 1.25604 1.64626 1.88035 1.19679 1.69145 1.34645 1.19245
1 1.17509 1.94974 1.3585 1.76899 1.18383 1.78614 1.83818 1.59677 1.17596 1.17087 1 1.60332 1.12253 1.27963 1.46372 1.51063 1.85694 1.60022 1.76992 1.3335 1.70993
1 1.784 1.3616 1.08742 1.00606 1.89052 1.51566 1.0178 1.1738 1.17445 1.92416 1 1.49123 1.72886 1.71225 1.16861 1.79726 1.84683 1.03996 1.6022 1.98747 1.8457
1 1.9579 1.30604 1.98467 1.07099 1.77576 1.21299 1.36433 1.32015 1.89467 1.90105 1 1.78036 1.95038 1.66094 1.61389 1.56501 1.32652 1.47376 1.76932 1.71645 1.04376
1 1.8814 1.36777 1.0191 1.80018 1.06684 1.71631 1.8144 1.28708 1.04636 1.37331 1 1.88423 1.04336 1.04101 1.9581 1.35352 1.547 1.77696 1.09798 1.41104 1.72832
1 1.94389 1.30206 1.44825 1.64699 1.90444 1.83878 1.44118 1.51985 1.96407 1.80457 1 1.20771 1.0196 1.06114 1.47819 1.6591 1.73438 1.57983 1.23175 1.57024 1.29919
1 1.16957 1.05845 1.27075 1.43813 1.83797 1.36748 1.2622 1.96156 1.24831 1.24779 1 1.30709 1.19907 1.27976 1.75116 1.23927 1.8053 1.32199 1.70684 1.10495 1.25768
1 1.14976 1.91047 1.0946 1.74684 1.67251 1.98245 1.39196 1.99901 1.26487 1.83713 1 1.33053 1.50509 1.30197 1.02058 1.26521 1.20644 1.99339 1.02882 1.86727 1.98048
1 1.15113 1.14909 1.47225 1.48898 1.02953 1.37698 1.49842 1.21105 1.42334 1.4957 1 1.19868 1.92639 1.95661 1.17097 1.51827 1.88016 1.49627 1.63114 1.47788 1.86534
1 1.64413 1.53486 1.7453 1.47804 1.19732 1.96617 1.8911 1.84178 1.42415 1.37624 1 1.23569 1.1384 1.38982 1.63997 1.73791 1.39608 1.68145 1.67216 1.27857 1.66412
1 1.66774 1.3426 1.28452 1.82684 1.13864 1.30253 1.55151 1.88047 1.32365 1.0997 1 1.27489 1.16919 1.37179 1.16498 1.77961 1.98301 1.73792 1.45289 1.46302 1.86887
1 1.66955 1.7046 1.53657 1.56735 1.14733 1.65276 1.34182 1.3207 1.10697 1.51295 1 1.59132 1.60663 1.84314 1.35472 1.11469 1.56142 1.90761 1.6759 1.04108 1.84341
1 1.21018 1.53607 1.76659 1.97894 1.92911 1.15495 1.4546 1.88882 1.20989 1.74063 1 1.25339 1.81588 1.84724 1.18643 1.61237 1.90861 1.44148 1.00939 1.87435 1.96668
1 1.18997 1.93217 1.67295 1.88476 1.50159 1.4619 1.1375 1.69173 1.42319 1.78554 1 1.12349 1.84338 1.31933 1.89766 1.91094 1.71513 1.74812 1.06348 1.74334 1.91327
1 1.4773 1.94376 1.84643 1.4652 1.63808 1.16792 1.87025 1.65867 1.56568 1.32546 1 1.22991 1.78808 1.13251 1.23778 1.63402 1.23564 1.75452 1.27923 1.07263 1.28361
1 1.77665 1.8097 1.70681 1.79662 1.07786 1.77045 1.72097 1.12841 1.66621 1.63288 1 1.59758 1.01902 1.61711 1.98494 1.27466 1.00391 1.44536 1.46789 1.42597 1.45781
1 1.77328 1.56567 1.07385 1.67448 1.39286 1.29467 1.72844 1.24653 1.5148 1.65943 1 1.21141 1.69809 1.7913 1.02133 1.35284 1.47938 1.36638 1.77646 1.51577 1.8689
1 1.52563 1.69001 1.94747 1.90319 1.68987 1.87188 1.83426 1.09728 1.55702 1.82757 1 1.4637 1.81509 1.33805 1.10754 1.67083 1.87213 1.0791 1.36692 1.7387 1.51655
1 1.97964 1.4136 1.41692 1.5429 1.58504 1.68938 1.66012 1.86921 1.73613 1.61011 1 1.6471 1.5684 1.90545 1.24483 1.90671 1.26233 1.2052 1.90072 1.26802 1.26588
1 1.98923 1.40232 1.9068 1.10012 1.83255 1.78624 1.75293 1.18634 1.39938 1.71525 1 1.96057 1.48006 1.19756 1.72236 1.73024 1.6634 1.885 1.52141 1.4873 1.86862
1 1.52659 1.01198 1.18658 1.78435 1.30883 1.40802 1.20355 1.46446 1.81098 1.22619 1 1.6764 1.16137 1.79409 1.03273 1.91977 1.87964 1.91692 1.28961 1.9624 1.69017
1 1.0968 1.23307 1.46103 1.17474 1.69663 1.77544 1.85211 1.25541 1.2356 1.60196 1 1.44515 1.08926 1.7546 1.54935 1.38243 1.91151 1.61756 1.24458 1.84189 1.59451
1 1.56857 1.21794 1.26296 1.63159 1.71535 1.83944 1.12183 1.26323 1.60706 1.6779 1 1.35777 1.16268 1.91139 1.68281 1.85414 1.39032 1.36604 1.58913 1.26811 1.92357
1 1.14015 1.80899 1.6496 1.64333 1.13335 1.37707 1.56527 1.39418 1.55785 1.4098 1 1.45573 1.02673 1.32269 1.30024 1.05473 1.86515 1.67589 1.38076 1.26074 1.14938
1 1.59003 1.54133 1.25034 1.15673 1.32433 1.15082 1.83141 1.6746 1.07107 1.82325 1 1.44541 1.70963 1.08617 1.38877 1.25399 1.51462 1.41042 1.70541 1.91339 1.80645
1 1.93167 1.22345 1.78084 1.49589 1.38496 1.00634 1.04117 1.03366 1.02691 1.62187 1 1.24509 1.76102 1.9112 1.73245 1.36713 1.7412 1.66934 1.11604 1.59911 1.31145
1 1.19965 1.33579 1.92734 1.36437 1.74514 1.49189 1.09416 1.68624 1.1648 1.49653 1 1.69435 1.85747 1.95517 1.9625 1.36057 1.96021 1.91015 1.59845 1.06367 1.92087
1 1.40875 1.6565 1.65779 1.27752 1.97282 1.47009 1.6404 1.59032 1.2158 1.05393 1 1.41224 1.43727 1.67114 1.7606 1.28052 1.56971 1.41488 1.84607 1.71737 1.64958
1 1.36943 1.69696 1.75284 1.37535 1.88616 1.85776 1.68131 1.82249 1.0942 1.28535 1 1.32773 1.41714 1.74498 1.58167 1.38869 1.3111 1.15295 1.35086 1.74214 1.17836
1 1.747 1.29745 1.48932 1.82257 1.00912 1.17688 1.86522 1.75789 1.7853 1.18475 1 1.57256 1.58565 1.44002 1.46287 1.34813 1.7433 1.37747 1.31617 1.26271 1.44138
1 1.11299 1.39618 1.14629 1.19797 1.66285 1.56015 1.28315 1.82913 1.35939 1.3792 1 1.967 1.82497 1.11504 1.35631 1.27892 1.45047 1.46579 1.7802 1.53002 1.75464
1 1.12296 1.5 1.91005 1.46256 1.33526 1.89155 1.76272 1.9009 1.22813 1.80392 1 1.66178 1.79314 1.67564 1.38392 1.80109 1.47389 1.24427 1.25479 1.80436 1.25769
1 1.71968 1.97993 1.52747 1.7332 1.52587 1.7744 1.4146 1.45764 1.55189 1.53218 1 1.6247 1.32615 1.73156 1.20578 1.99501 1.47442 1.11822 1.8402 1.72782 1.99894
1 1.86027 1.79337 1.77184 1.8362 1.42081 1.57272 1.24734 1.08729 1.00616 1.02488 1 1.85665 1.95793 1.48398 1.13878 1.75324 1.74071 1.00828 1.75139 1.86539 1.52245
1 1.24091 1.75323 1.05488 1.93615 1.90289 1.2287 1.46851 1.72489 1.12104 1.96108 1 1.77478 1.65302 1.17105 1.38908 1.60334 1.10719 1.65087 1.30878 1.0464 1.99811
1 1.66429 1.60608 1.32756 1.18441 1.86021 1.79909 1.78584 1.5265 1.05933 1.82862 1 1.83403 1.45868 1.67585 1.26605 1.59395 1.64218 1.05657 1.45805 1.00808 1.40261
1 1.3189 1.2913 1.41678 1.24333 1.85277 1.27967 1.2165 1.62137 1.30024 1.76358 1 1.09151 1.60602 1.26299 1.7033 1.58229 1.42218 1.13011 1.4149 1.93939 1.5843
1 1.78114 1.34901 1.23061 1.59379 1.28067 1.74877 1.90701 1.713 1.9366 1.54144 1 1.45953 1.28872 1.34148 1.40788 1.23866 1.80051 1.96069 1.32502 1.24166 1.89181
1 1.65968 1.36477 1.12682 1.45778 1.79334 1.3701 1.49005 1.38626 1.73761 1.57239 1 1.5994 1.71783 1.21025 1.26556 1.45428 1.61679 1.25957 1.13562 1.89971 1.85343
1 1.2349 1.37268 1.1975 1.2395 1.41616 1.08627 1.97755 1.57158 1.96897 1.14818 1 1.91972 1.9234 1.01632 1.40098 1.99552 1.24937 1.00907 1.91011 1.51135 1.42923
1 1.24575 1.1285 1.47311 1.25333 1.39034 1.29825 1.26715 1.1474 1.26816 1.51001 1 1.98282 1.67494 1.37676 1.19731 1.08275 1.68122 1.99287 1.15038 1.69694 1.27877
1 1.69465 1.95352 1.09011 1.09595 1.34004 1.74706 1.90069 1.02977 1.03404 1.761 1 1.0378 1.18594 1.56231 1.82993 1.05191 1.34774 1.6529 1.83792 1.95706 1.89186
1 1.24367 1.11546 1.54416 1.50663 1.04328 1.89411 1.27117 1.76156 1.77991 1.9676 1 1.57794 1.34807 1.67998 1.52799 1.4938 1.89146 1.72448 1.54427 1.05417 1.98731
1 1.56144 1.00198 1.74482 1.79599 1.65375 1.76615 1.54659 1.99043 1.71363 1.56958 1 1.73331 1.12352 1.74539 1.39513 1.05399 1.65724 1.71428 1.11595 1.1296 1.13959
1 1.79658 1.31731 1.56704 1.05603 1.59787 1.86989 1.84608 1.43713 1.14615 1.11566 1 1.24874 1.10812 1.95007 1.57397 1.95045 1.93867 1.82502 1.04423 1.7682 1.5404
1 1.62143 1.73307 1.36079 1.71977 1.09058 1.61552 1.8251 1.79171 1.35882 1.14492 1 1.30074 1.29795 1.16309 1.97097 1.63319 1.13418 1.14824 1.28269 1.86131 1.31059
1 1.47029 1.02766 1.28462 1.7313 1.71655 1.82987 1.84708 1.17686 1.06777 1.61952 1 1.73347 1.8382 1.32476 1.65015 1.26994 1.97246 1.675 1.88126 1.72787 1.85208
1 1.62419 1.01378 1.51972 1.08734 1.98959 1.17495 1.90874 1.48599 1.27951 1.24805 1 1.90695 1.99277 1.13272 1.3336 1.99681 1.35075 1.84687 1.83695 1.9042 1.04353
1 1.99985 1.30418 1.84909 1.93405 1.6819 1.78773 1.94422 1.68925 1.70901 1.49021 1 1.20982 1.43713 1.6373 1.33145 1.3588 1.237 1.99258 1.05776 1.74151 1.37217
1 1.76043 1.39255 1.13889 1.62509 1.36299 1.89407 1.83684 1.18757 1.72874 1.15513 1 1.35814 1.20256 1.33093 1.94243 1.37176 1.61563 1.30409 1.04872 1.16151 1.51598
1 1.12035 1.86685 1.7773 1.90208 1.89008 1.94205 1.25838 1.20942 1.51137 1.75345 1 1.4483 1.96387 1.64908 1.38111 1.33023 1.74713 1.14539 1.31664 1.48245 1.76776
1 1.32188 1.17823 1.51462 1.39637 1.37407 1.04554 1.74414 1.68047 1.70118 1.99027 1 1.90643 1.66039 1.30289 1.56432 1.1044 1.96352 1.51904 1.13143 1.41005 1.28735
1 1.77202 1.4965 1.13219 1.74953 1.78583 1.59308 1.24093 1.40323 1.35393 1.2884 1 1.38944 1.29812 1.07123 1.51152 1.5799 1.93268 1.83215 1.03561 1.46591 1.81665
1 1.95527 1.37969 1.00435 1.1182 1.33398 1.93088 1.84302 1.95552 1.36509 1.12071 1 1.51746 1.11926 1.66239 1.13886 1.33309 1.79219 1.91817 1.12083 1.4435 1.00527
1 1.39876 1.19065 1.3173 1.16705 1.6088 1.14503 1.8088 1.61893 1.02269 1.29775 1 1.12524 1.59975 1.7596 1.23979 1.00378 1.31173 1.3481 1.56788 1.02652 1.02231
1 1.19435 1.9944 1.01588 1.57427 1.4092 1.86242 1.05361 1.95267 1.25009 1.01612 1 1.03015 1.12019 1.55336 1.71801 1.9946 1.09341 1.33269 1.12734 1.65395 1.24297
1 1.9831 1.02878 1.13909 1.59268 1.00751 1.22921 1.18145 1.15081 1.2918 1.67591 1 1.77181 1.78843 1.53927 1.29722 1.36923 1.20729 1.83887 1.75805 1.39058 1.83136
